{
 "cells": [
  {
   "cell_type": "code",
   "execution_count": 1,
   "metadata": {},
   "outputs": [],
   "source": [
    "from python_speech_features import mfcc\n",
    "import scipy.io.wavfile as wav\n",
    "import numpy as np\n",
    "\n",
    "from tempfile import TemporaryFile\n",
    "import os\n",
    "import pickle\n",
    "import random \n",
    "import operator\n",
    "\n",
    "import math\n",
    "import numpy as np\n",
    "from scipy.spatial import distance"
   ]
  },
  {
   "cell_type": "code",
   "execution_count": 2,
   "metadata": {},
   "outputs": [],
   "source": [
    "def distance(instance1 , instance2 , k ):\n",
    "    distance =0 \n",
    "    mm1 = instance1[0] \n",
    "    cm1 = instance1[1]\n",
    "    mm2 = instance2[0]\n",
    "    cm2 = instance2[1]\n",
    "    distance = np.trace(np.dot(np.linalg.inv(cm2), cm1)) \n",
    "    distance+=(np.dot(np.dot((mm2-mm1).transpose() , np.linalg.inv(cm2)) , mm2-mm1 )) \n",
    "    distance+= np.log(np.linalg.det(cm2)) - np.log(np.linalg.det(cm1))\n",
    "    distance-= k\n",
    "    return distance"
   ]
  },
  {
   "cell_type": "code",
   "execution_count": 3,
   "metadata": {},
   "outputs": [],
   "source": [
    "def getNeighbors(trainingSet, instance, k):\n",
    "    distances = []\n",
    "    for x in range (len(trainingSet)):\n",
    "        dist = distance(trainingSet[x], instance, k )+ distance(instance, trainingSet[x], k)\n",
    "        distances.append((trainingSet[x][2], dist))\n",
    "    distances.sort(key=operator.itemgetter(1))\n",
    "    neighbors = []\n",
    "    for x in range(k):\n",
    "        neighbors.append(distances[x][0])\n",
    "    return neighbors"
   ]
  },
  {
   "cell_type": "code",
   "execution_count": 4,
   "metadata": {},
   "outputs": [],
   "source": [
    "def nearestClass(neighbors):\n",
    "    classVote = {}\n",
    "    for x in range(len(neighbors)):\n",
    "        response = neighbors[x]\n",
    "        if response in classVote:\n",
    "            classVote[response]+=1 \n",
    "        else:\n",
    "            classVote[response]=1\n",
    "    sorter = sorted(classVote.items(), key = operator.itemgetter(1), reverse=True)\n",
    "    return sorter[0][0]"
   ]
  },
  {
   "cell_type": "code",
   "execution_count": 5,
   "metadata": {},
   "outputs": [],
   "source": [
    "def getAccuracy(testSet, predictions):\n",
    "    correct = 0 \n",
    "    for x in range (len(testSet)):\n",
    "        if testSet[x][-1]==predictions[x]:\n",
    "            correct+=1\n",
    "    return 1.0*correct/len(testSet)"
   ]
  },
  {
   "cell_type": "code",
   "execution_count": 6,
   "metadata": {},
   "outputs": [],
   "source": [
    "directory = \"C:\\\\Users\\\\User\\\\Desktop\\\\SEM VI\\\\Ml\\\\genres\\\\\"\n",
    "f= open(\"my.dat\" ,'wb')\n",
    "i=0\n",
    "for folder in os.listdir(directory):\n",
    "    i+=1\n",
    "    if i == 11:\n",
    "        break\n",
    "    for file in os.listdir(directory+folder):\n",
    "        (rate,sig) = wav.read(directory+folder+\"/\"+file)\n",
    "        mfcc_feat = mfcc(sig,rate ,winlen=0.020, appendEnergy = False)\n",
    "        covariance = np.cov(np.matrix.transpose(mfcc_feat))\n",
    "        mean_matrix = mfcc_feat.mean(0)\n",
    "        feature = (mean_matrix , covariance , i)\n",
    "        pickle.dump(feature , f)\n",
    "f.close()"
   ]
  },
  {
   "cell_type": "code",
   "execution_count": 7,
   "metadata": {},
   "outputs": [],
   "source": [
    "dataset = []\n",
    "def loadDataset(filename , split , trSet , teSet):\n",
    "    with open(\"my.dat\" , 'rb') as f:\n",
    "        while True:\n",
    "            try:\n",
    "                dataset.append(pickle.load(f))\n",
    "            except EOFError:\n",
    "                f.close()\n",
    "                break  \n",
    "\n",
    "    for x in range(len(dataset)):\n",
    "        if random.random() <split :      \n",
    "            trSet.append(dataset[x])\n",
    "        else:\n",
    "            teSet.append(dataset[x])  \n",
    "\n",
    "trainingSet = []\n",
    "testSet = []\n",
    "loadDataset(\"my.dat\" , 0.66, trainingSet, testSet)"
   ]
  },
  {
   "cell_type": "code",
   "execution_count": 8,
   "metadata": {},
   "outputs": [
    {
     "name": "stdout",
     "output_type": "stream",
     "text": [
      "[(array([ 70.00291522,   6.96591781, -18.71681431,   8.84196105,\n",
      "        -8.01016039,   3.43449211, -31.36002343,   1.69970775,\n",
      "       -18.67915656,  -6.93499514, -12.81097953,  -4.71106351,\n",
      "        -6.55271779]), array([[ 9.57584757e+01, -5.65310912e+01, -5.90639441e+01,\n",
      "        -1.45119260e+01, -6.14077950e+01, -3.42481308e+01,\n",
      "        -4.66116113e+00,  2.49012307e+01, -2.48550402e+01,\n",
      "         6.20214792e+01,  1.01464095e+01, -2.24626140e+01,\n",
      "         2.00679871e+01],\n",
      "       [-5.65310912e+01,  1.32572970e+02,  2.36316291e+00,\n",
      "        -5.02681131e+01,  9.68021395e+01, -4.55083237e+00,\n",
      "         9.45436387e+00, -5.57817894e+01,  2.20355677e+01,\n",
      "        -9.88945983e+01,  2.21041720e+01,  1.79191596e+01,\n",
      "        -1.03398875e+00],\n",
      "       [-5.90639441e+01,  2.36316291e+00,  9.52344968e+01,\n",
      "         2.83875850e+01, -9.98877813e-01,  3.38520740e+01,\n",
      "         4.41553380e+00,  2.03612486e+01,  8.00864331e+00,\n",
      "        -1.92705517e+01, -2.25526020e+01,  6.22419666e+00,\n",
      "        -1.57710664e+01],\n",
      "       [-1.45119260e+01, -5.02681131e+01,  2.83875850e+01,\n",
      "         1.46319158e+02,  4.80766010e+00,  1.21658228e+00,\n",
      "        -1.30179327e+01, -3.38062326e+01,  3.16195924e+01,\n",
      "         1.85389887e+01, -4.28629185e+01,  1.63233810e+01,\n",
      "        -1.63781549e+01],\n",
      "       [-6.14077950e+01,  9.68021395e+01, -9.98877813e-01,\n",
      "         4.80766010e+00,  2.08886319e+02,  5.35179551e+00,\n",
      "        -1.82490030e+01, -1.32478136e+02,  1.81371198e+01,\n",
      "        -8.43827391e+01,  3.79767681e+00,  3.15742439e+01,\n",
      "         9.62683082e+00],\n",
      "       [-3.42481308e+01, -4.55083237e+00,  3.38520740e+01,\n",
      "         1.21658228e+00,  5.35179551e+00,  1.27350894e+02,\n",
      "        -1.24801381e+01,  9.90521019e+00, -4.22210307e+00,\n",
      "        -1.90449363e+01, -1.52524777e+00,  3.19316838e+01,\n",
      "        -2.27668733e+01],\n",
      "       [-4.66116113e+00,  9.45436387e+00,  4.41553380e+00,\n",
      "        -1.30179327e+01, -1.82490030e+01, -1.24801381e+01,\n",
      "         1.33406495e+02,  2.30621192e+01,  1.60025647e+01,\n",
      "        -7.40806073e+00,  3.05645617e+00,  1.23814077e+01,\n",
      "         1.10944418e+01],\n",
      "       [ 2.49012307e+01, -5.57817894e+01,  2.03612486e+01,\n",
      "        -3.38062326e+01, -1.32478136e+02,  9.90521019e+00,\n",
      "         2.30621192e+01,  2.34407633e+02, -2.74673236e+01,\n",
      "         7.18929877e+01,  7.66080281e+00, -5.73438477e+01,\n",
      "        -5.80896093e+00],\n",
      "       [-2.48550402e+01,  2.20355677e+01,  8.00864331e+00,\n",
      "         3.16195924e+01,  1.81371198e+01, -4.22210307e+00,\n",
      "         1.60025647e+01, -2.74673236e+01,  1.72442681e+02,\n",
      "        -3.79663440e+01, -1.49899483e+01,  3.76176012e+01,\n",
      "        -2.64378907e+01],\n",
      "       [ 6.20214792e+01, -9.88945983e+01, -1.92705517e+01,\n",
      "         1.85389887e+01, -8.43827391e+01, -1.90449363e+01,\n",
      "        -7.40806073e+00,  7.18929877e+01, -3.79663440e+01,\n",
      "         2.38168422e+02,  1.01633966e+01, -4.91109342e+01,\n",
      "        -3.11966794e+00],\n",
      "       [ 1.01464095e+01,  2.21041720e+01, -2.25526020e+01,\n",
      "        -4.28629185e+01,  3.79767681e+00, -1.52524777e+00,\n",
      "         3.05645617e+00,  7.66080281e+00, -1.49899483e+01,\n",
      "         1.01633966e+01,  1.13050628e+02, -6.80088910e+00,\n",
      "        -7.36753830e-02],\n",
      "       [-2.24626140e+01,  1.79191596e+01,  6.22419666e+00,\n",
      "         1.63233810e+01,  3.15742439e+01,  3.19316838e+01,\n",
      "         1.23814077e+01, -5.73438477e+01,  3.76176012e+01,\n",
      "        -4.91109342e+01, -6.80088910e+00,  1.31988827e+02,\n",
      "        -6.19037130e+00],\n",
      "       [ 2.00679871e+01, -1.03398875e+00, -1.57710664e+01,\n",
      "        -1.63781549e+01,  9.62683082e+00, -2.27668733e+01,\n",
      "         1.10944418e+01, -5.80896093e+00, -2.64378907e+01,\n",
      "        -3.11966794e+00, -7.36753830e-02, -6.19037130e+00,\n",
      "         1.13969151e+02]]), 1), (array([ 67.39789271,   2.01576739,  -4.55078447,   9.62204742,\n",
      "        -8.5753751 ,  -6.16485069, -17.34313833,   1.93055332,\n",
      "       -32.38966046,   3.89419069,  -6.68970692,   2.8738798 ,\n",
      "       -10.75162933]), array([[ 3.45674860e+01,  1.29980187e+01, -6.83352298e+01,\n",
      "        -1.07718403e+01, -9.91418280e+00, -4.54267839e+01,\n",
      "         6.62320344e+00, -2.45353301e+00, -1.70068145e+01,\n",
      "         1.61395688e+01,  2.79030345e+01, -2.01483792e+01,\n",
      "         5.95026079e+00],\n",
      "       [ 1.29980187e+01,  3.73748090e+01,  9.38541408e+00,\n",
      "        -3.28901761e+00, -8.58963540e+00, -1.68251305e+01,\n",
      "        -4.43862046e+00, -1.84249845e+01, -2.82537004e+01,\n",
      "        -2.66536860e+01, -2.44545376e+01, -7.51804753e+00,\n",
      "         3.61837139e+00],\n",
      "       [-6.83352298e+01,  9.38541408e+00,  2.06184243e+02,\n",
      "         4.10883249e+01,  1.56601586e+01,  1.04103200e+02,\n",
      "        -2.03021120e+01, -2.99727089e+01,  8.55943841e+00,\n",
      "        -7.61774732e+01, -1.15137177e+02,  2.83337039e+01,\n",
      "        -1.32195648e+01],\n",
      "       [-1.07718403e+01, -3.28901761e+00,  4.10883249e+01,\n",
      "         6.85316486e+01,  3.37972573e+01, -3.06852761e+00,\n",
      "        -9.51153056e+00, -1.61145501e+01, -2.01043918e+01,\n",
      "        -9.28659812e+00, -2.92568459e+01, -1.91470493e+01,\n",
      "        -4.32874177e+00],\n",
      "       [-9.91418280e+00, -8.58963540e+00,  1.56601586e+01,\n",
      "         3.37972573e+01,  6.43563729e+01,  2.60058040e+01,\n",
      "        -1.65280679e+01, -3.51988454e+00,  2.45836279e+00,\n",
      "        -6.58326116e+00, -9.40168171e+00, -1.30772648e+01,\n",
      "        -2.09470750e+01],\n",
      "       [-4.54267839e+01, -1.68251305e+01,  1.04103200e+02,\n",
      "        -3.06852761e+00,  2.60058040e+01,  1.55261071e+02,\n",
      "         1.78184432e+01, -1.80109593e+01,  3.69731566e+01,\n",
      "        -2.70556912e+01, -6.86072278e+01,  1.96867835e+01,\n",
      "        -1.84750799e+01],\n",
      "       [ 6.62320344e+00, -4.43862046e+00, -2.03021120e+01,\n",
      "        -9.51153056e+00, -1.65280679e+01,  1.78184432e+01,\n",
      "         8.90560093e+01,  3.30150992e+01, -1.61969708e+01,\n",
      "        -3.53439060e+00, -4.21950676e-02, -1.04297667e+01,\n",
      "         1.44887676e+01],\n",
      "       [-2.45353301e+00, -1.84249845e+01, -2.99727089e+01,\n",
      "        -1.61145501e+01, -3.51988454e+00, -1.80109593e+01,\n",
      "         3.30150992e+01,  1.13852701e+02,  3.85295409e+01,\n",
      "        -4.39014029e+00,  3.99164976e+01,  1.85771087e+01,\n",
      "        -6.44430829e+00],\n",
      "       [-1.70068145e+01, -2.82537004e+01,  8.55943841e+00,\n",
      "        -2.01043918e+01,  2.45836279e+00,  3.69731566e+01,\n",
      "        -1.61969708e+01,  3.85295409e+01,  1.15256833e+02,\n",
      "         4.97485274e+01,  1.31059741e+01,  1.93706888e+01,\n",
      "        -4.55959640e+00],\n",
      "       [ 1.61395688e+01, -2.66536860e+01, -7.61774732e+01,\n",
      "        -9.28659812e+00, -6.58326116e+00, -2.70556912e+01,\n",
      "        -3.53439060e+00, -4.39014029e+00,  4.97485274e+01,\n",
      "         1.48892687e+02,  9.16276554e+01, -1.42019222e+01,\n",
      "         6.19755242e+00],\n",
      "       [ 2.79030345e+01, -2.44545376e+01, -1.15137177e+02,\n",
      "        -2.92568459e+01, -9.40168171e+00, -6.86072278e+01,\n",
      "        -4.21950676e-02,  3.99164976e+01,  1.31059741e+01,\n",
      "         9.16276554e+01,  1.83350202e+02,  4.13749947e+01,\n",
      "        -3.57058633e+00],\n",
      "       [-2.01483792e+01, -7.51804753e+00,  2.83337039e+01,\n",
      "        -1.91470493e+01, -1.30772648e+01,  1.96867835e+01,\n",
      "        -1.04297667e+01,  1.85771087e+01,  1.93706888e+01,\n",
      "        -1.42019222e+01,  4.13749947e+01,  1.14232307e+02,\n",
      "         3.17820140e+01],\n",
      "       [ 5.95026079e+00,  3.61837139e+00, -1.32195648e+01,\n",
      "        -4.32874177e+00, -2.09470750e+01, -1.84750799e+01,\n",
      "         1.44887676e+01, -6.44430829e+00, -4.55959640e+00,\n",
      "         6.19755242e+00, -3.57058633e+00,  3.17820140e+01,\n",
      "         9.10659216e+01]]), 1), (array([ 58.14288451,   3.54816252,  -5.52804324,  11.83344868,\n",
      "        -5.86303179,  -0.98649337, -15.73643942,  -0.38992314,\n",
      "       -21.97644099,  13.40374952,   4.61017035,   6.36878108,\n",
      "        -7.79029817]), array([[ 1.36089757e+02,  3.92298491e+01, -1.99979782e+02,\n",
      "        -5.37008189e+01, -7.08908629e+01, -9.46719464e+01,\n",
      "        -2.17891547e+01, -9.45169465e+01, -2.81219470e+01,\n",
      "        -1.70878899e+01,  5.38503742e+01, -8.97289484e+01,\n",
      "        -9.80301067e+00],\n",
      "       [ 3.92298491e+01,  5.85525251e+01, -5.00683217e+01,\n",
      "        -4.35947638e+01, -2.51417344e+01, -4.54024352e+01,\n",
      "        -3.94893332e+01, -6.00583699e+01, -2.16813561e+01,\n",
      "        -1.08185591e+01, -3.95994635e+00, -2.09502909e+01,\n",
      "         3.18069421e+00],\n",
      "       [-1.99979782e+02, -5.00683217e+01,  3.34804907e+02,\n",
      "         8.59319390e+01,  1.02340133e+02,  1.41490791e+02,\n",
      "         2.89585021e+01,  1.37407743e+02,  3.58699305e+01,\n",
      "         7.60424956e+00, -9.41726364e+01,  1.28452189e+02,\n",
      "         1.95576538e+01],\n",
      "       [-5.37008189e+01, -4.35947638e+01,  8.59319390e+01,\n",
      "         1.08589630e+02,  5.26090780e+01,  1.53104607e+01,\n",
      "         2.49562305e+01,  5.67543705e+01,  1.30234478e-01,\n",
      "         1.48174918e+00, -3.82896385e+01,  1.71191037e+01,\n",
      "        -2.34280287e+00],\n",
      "       [-7.08908629e+01, -2.51417344e+01,  1.02340133e+02,\n",
      "         5.26090780e+01,  1.18097657e+02,  4.91560188e+01,\n",
      "        -2.10317390e+00,  4.98679104e+01, -3.68835515e+00,\n",
      "         7.73878340e+00, -3.38633980e+01,  2.39651179e+01,\n",
      "        -9.68580493e+00],\n",
      "       [-9.46719464e+01, -4.54024352e+01,  1.41490791e+02,\n",
      "         1.53104607e+01,  4.91560188e+01,  1.77748069e+02,\n",
      "         5.76406497e+01,  5.93316204e+01,  4.88559264e+01,\n",
      "         2.03355976e+01, -2.10254128e+01,  5.74473741e+01,\n",
      "        -1.82752595e+01],\n",
      "       [-2.17891547e+01, -3.94893332e+01,  2.89585021e+01,\n",
      "         2.49562305e+01, -2.10317390e+00,  5.76406497e+01,\n",
      "         1.26173211e+02,  8.54404600e+01,  4.28139377e+00,\n",
      "        -8.73280508e+00, -7.38609861e-02,  6.90846411e+00,\n",
      "        -1.44804835e+01],\n",
      "       [-9.45169465e+01, -6.00583699e+01,  1.37407743e+02,\n",
      "         5.67543705e+01,  4.98679104e+01,  5.93316204e+01,\n",
      "         8.54404600e+01,  2.24341254e+02,  2.86412265e+01,\n",
      "        -2.15805635e+01, -1.05613311e+01,  7.48993037e+01,\n",
      "         9.99644685e-01],\n",
      "       [-2.81219470e+01, -2.16813561e+01,  3.58699305e+01,\n",
      "         1.30234478e-01, -3.68835515e+00,  4.88559264e+01,\n",
      "         4.28139377e+00,  2.86412265e+01,  1.27532254e+02,\n",
      "         6.44699109e+01,  1.64433668e+01,  3.83671211e+01,\n",
      "         1.08739364e+01],\n",
      "       [-1.70878899e+01, -1.08185591e+01,  7.60424956e+00,\n",
      "         1.48174918e+00,  7.73878340e+00,  2.03355976e+01,\n",
      "        -8.73280508e+00, -2.15805635e+01,  6.44699109e+01,\n",
      "         1.49027224e+02,  3.78696834e+01,  1.44861074e+01,\n",
      "         1.68261721e+01],\n",
      "       [ 5.38503742e+01, -3.95994635e+00, -9.41726364e+01,\n",
      "        -3.82896385e+01, -3.38633980e+01, -2.10254128e+01,\n",
      "        -7.38609861e-02, -1.05613311e+01,  1.64433668e+01,\n",
      "         3.78696834e+01,  1.49798483e+02,  1.58351891e+01,\n",
      "        -9.35829029e+00],\n",
      "       [-8.97289484e+01, -2.09502909e+01,  1.28452189e+02,\n",
      "         1.71191037e+01,  2.39651179e+01,  5.74473741e+01,\n",
      "         6.90846411e+00,  7.48993037e+01,  3.83671211e+01,\n",
      "         1.44861074e+01,  1.58351891e+01,  1.60965920e+02,\n",
      "         4.16368210e+01],\n",
      "       [-9.80301067e+00,  3.18069421e+00,  1.95576538e+01,\n",
      "        -2.34280287e+00, -9.68580493e+00, -1.82752595e+01,\n",
      "        -1.44804835e+01,  9.99644685e-01,  1.08739364e+01,\n",
      "         1.68261721e+01, -9.35829029e+00,  4.16368210e+01,\n",
      "         1.08707520e+02]]), 1), (array([ 63.99407684,  -1.06930546,  -2.51420963,   8.91214516,\n",
      "        -9.91166577,  -1.80107276, -18.12985069,  -0.47668585,\n",
      "       -28.25106308,   9.25729774,  -2.59090828,   9.16970254,\n",
      "        -5.9577918 ]), array([[ 55.29697278,  27.76113089, -89.3139965 , -14.41499571,\n",
      "        -19.67987911, -71.32284456,   4.1765571 , -15.61151822,\n",
      "        -46.68593044,  20.81738518,  46.35022511, -31.88364065,\n",
      "         -4.48487219],\n",
      "       [ 27.76113089,  58.58946048, -10.96525928, -30.35350114,\n",
      "        -34.87404267, -53.07388211, -32.47119792, -42.76733068,\n",
      "        -27.79812594,   3.701791  ,  33.74608307,  19.77748625,\n",
      "          9.16574964],\n",
      "       [-89.3139965 , -10.96525928, 211.1517265 ,  25.12199916,\n",
      "         11.44834098, 102.5249132 , -49.41950119, -12.21297221,\n",
      "         77.03186867, -47.73993897, -77.09672267,  86.45871881,\n",
      "         19.96917881],\n",
      "       [-14.41499571, -30.35350114,  25.12199916,  85.99806977,\n",
      "         52.00847849,  12.44063379,   2.30988609,  23.77096015,\n",
      "          3.42029968, -10.63358898, -37.86296499, -33.46761601,\n",
      "        -14.52553781],\n",
      "       [-19.67987911, -34.87404267,  11.44834098,  52.00847849,\n",
      "         91.24132939,  66.66097311,  28.40109334,  41.06357704,\n",
      "         19.13969012,   1.6714969 , -29.2207043 , -51.90986073,\n",
      "        -47.73991941],\n",
      "       [-71.32284456, -53.07388211, 102.5249132 ,  12.44063379,\n",
      "         66.66097311, 202.54448595,  76.88211922,  48.2365713 ,\n",
      "         73.58315495,  -7.70329553, -68.38269534,   1.56404374,\n",
      "        -36.06153907],\n",
      "       [  4.1765571 , -32.47119792, -49.41950119,   2.30988609,\n",
      "         28.40109334,  76.88211922, 150.93685369,  72.91168529,\n",
      "        -11.4767957 ,  19.96204751,  -2.9345983 , -66.14622407,\n",
      "        -37.31108737],\n",
      "       [-15.61151822, -42.76733068, -12.21297221,  23.77096015,\n",
      "         41.06357704,  48.2365713 ,  72.91168529, 118.41261554,\n",
      "         34.80528646,  -5.6745857 , -14.35351121, -37.54946892,\n",
      "        -34.83223653],\n",
      "       [-46.68593044, -27.79812594,  77.03186867,   3.42029968,\n",
      "         19.13969012,  73.58315495, -11.4767957 ,  34.80528646,\n",
      "        129.08080646,  21.27936196, -30.68271678,  43.49805693,\n",
      "         12.01085881],\n",
      "       [ 20.81738518,   3.701791  , -47.73993897, -10.63358898,\n",
      "          1.6714969 ,  -7.70329553,  19.96204751,  -5.6745857 ,\n",
      "         21.27936196, 108.70020083,  52.59304343, -28.20046369,\n",
      "         -3.08546841],\n",
      "       [ 46.35022511,  33.74608307, -77.09672267, -37.86296499,\n",
      "        -29.2207043 , -68.38269534,  -2.9345983 , -14.35351121,\n",
      "        -30.68271678,  52.59304343, 126.38122823,  10.01151972,\n",
      "         -3.59651523],\n",
      "       [-31.88364065,  19.77748625,  86.45871881, -33.46761601,\n",
      "        -51.90986073,   1.56404374, -66.14622407, -37.54946892,\n",
      "         43.49805693, -28.20046369,  10.01151972, 175.84664761,\n",
      "         86.43305026],\n",
      "       [ -4.48487219,   9.16574964,  19.96917881, -14.52553781,\n",
      "        -47.73991941, -36.06153907, -37.31108737, -34.83223653,\n",
      "         12.01085881,  -3.08546841,  -3.59651523,  86.43305026,\n",
      "        130.2141398 ]]), 1), (array([ 59.87003963,   5.70449743, -12.31411717,  20.06675346,\n",
      "        -8.46772252,  -1.61261258, -15.32070566,   1.41581431,\n",
      "       -14.8893539 ,   0.12826366,  -3.13881003,  -0.49384301,\n",
      "        -5.349407  ]), array([[ 1.14715859e+02,  3.38892872e+01, -1.62062008e+02,\n",
      "        -4.74342050e+01, -3.24978111e+01, -1.34871597e+02,\n",
      "        -2.56776115e+01, -7.01336736e+01, -1.29569800e+00,\n",
      "        -6.54949085e+00,  5.46831582e+01, -2.69732642e+01,\n",
      "         2.05865417e+01],\n",
      "       [ 3.38892872e+01,  5.75760416e+01, -2.86106414e+01,\n",
      "        -5.04908120e+01, -1.80112028e+01, -4.79734787e+01,\n",
      "        -2.50439202e+01, -3.49317835e+01, -1.45898117e+01,\n",
      "        -1.68351786e-01,  2.59847899e+01,  3.71206339e+00,\n",
      "        -5.27772273e+00],\n",
      "       [-1.62062008e+02, -2.86106414e+01,  3.11642167e+02,\n",
      "         6.54773752e+01,  2.55306286e+01,  1.99433235e+02,\n",
      "         2.76046062e+01,  7.53652812e+01,  3.72425408e+00,\n",
      "        -2.79438570e+00, -8.20137279e+01,  5.58047135e+01,\n",
      "        -1.58414552e+01],\n",
      "       [-4.74342050e+01, -5.04908120e+01,  6.54773752e+01,\n",
      "         1.61786841e+02,  2.25106031e+01,  4.67432568e+01,\n",
      "         1.29771187e+01,  2.15903836e+01,  1.15474034e+01,\n",
      "        -4.33548486e+01, -9.03807664e+01, -1.48482059e+01,\n",
      "         1.73145277e+01],\n",
      "       [-3.24978111e+01, -1.80112028e+01,  2.55306286e+01,\n",
      "         2.25106031e+01,  1.19873787e+02,  5.62835431e+01,\n",
      "         2.06420283e+01,  3.28862561e+01, -1.25149058e+01,\n",
      "         2.09144794e+01, -1.33960997e+01, -3.07030230e+01,\n",
      "        -2.83787396e+01],\n",
      "       [-1.34871597e+02, -4.79734787e+01,  1.99433235e+02,\n",
      "         4.67432568e+01,  5.62835431e+01,  2.86338624e+02,\n",
      "         7.28452420e+01,  7.54202379e+01,  2.30589695e+00,\n",
      "         2.13078298e+01, -6.55937710e+01,  2.68404345e+00,\n",
      "        -6.22752515e+01],\n",
      "       [-2.56776115e+01, -2.50439202e+01,  2.76046062e+01,\n",
      "         1.29771187e+01,  2.06420283e+01,  7.28452420e+01,\n",
      "         1.22152674e+02,  5.73943721e+01, -2.01295607e+01,\n",
      "        -9.33590703e+00, -3.20139353e+01, -2.19671946e+01,\n",
      "        -7.20387505e+00],\n",
      "       [-7.01336736e+01, -3.49317835e+01,  7.53652812e+01,\n",
      "         2.15903836e+01,  3.28862561e+01,  7.54202379e+01,\n",
      "         5.73943721e+01,  1.64328305e+02,  1.93826282e+01,\n",
      "        -7.44194729e+00, -3.35392892e+01,  1.88580356e+01,\n",
      "        -9.08365628e+00],\n",
      "       [-1.29569800e+00, -1.45898117e+01,  3.72425408e+00,\n",
      "         1.15474034e+01, -1.25149058e+01,  2.30589695e+00,\n",
      "        -2.01295607e+01,  1.93826282e+01,  1.05925520e+02,\n",
      "         2.86405207e+01, -5.60205297e+00,  6.33570905e+00,\n",
      "         1.00142178e+01],\n",
      "       [-6.54949085e+00, -1.68351786e-01, -2.79438570e+00,\n",
      "        -4.33548486e+01,  2.09144794e+01,  2.13078298e+01,\n",
      "        -9.33590703e+00, -7.44194729e+00,  2.86405207e+01,\n",
      "         1.39562086e+02,  6.51576712e+01, -1.15620510e+01,\n",
      "        -3.12264527e+01],\n",
      "       [ 5.46831582e+01,  2.59847899e+01, -8.20137279e+01,\n",
      "        -9.03807664e+01, -1.33960997e+01, -6.55937710e+01,\n",
      "        -3.20139353e+01, -3.35392892e+01, -5.60205297e+00,\n",
      "         6.51576712e+01,  1.77765112e+02,  3.80571426e+01,\n",
      "        -1.28307558e+01],\n",
      "       [-2.69732642e+01,  3.71206339e+00,  5.58047135e+01,\n",
      "        -1.48482059e+01, -3.07030230e+01,  2.68404345e+00,\n",
      "        -2.19671946e+01,  1.88580356e+01,  6.33570905e+00,\n",
      "        -1.15620510e+01,  3.80571426e+01,  1.33894427e+02,\n",
      "         4.86116457e+01],\n",
      "       [ 2.05865417e+01, -5.27772273e+00, -1.58414552e+01,\n",
      "         1.73145277e+01, -2.83787396e+01, -6.22752515e+01,\n",
      "        -7.20387505e+00, -9.08365628e+00,  1.00142178e+01,\n",
      "        -3.12264527e+01, -1.28307558e+01,  4.86116457e+01,\n",
      "         1.09310604e+02]]), 1), (array([ 67.31920297,   6.5627053 , -22.3719373 ,  21.10426591,\n",
      "       -11.85767141, -10.84764936, -16.11256598,  -3.78893731,\n",
      "       -14.2788852 ,  -9.45248539,  -8.03875371,   0.29289227,\n",
      "        -2.31356772]), array([[ 55.41300796,  -3.48115859, -91.8455564 , -18.38289205,\n",
      "         10.23296864, -57.42890635,   6.69331374, -11.78591975,\n",
      "         16.06766221, -12.43467459,  31.32377518, -38.69210052,\n",
      "          3.74474145],\n",
      "       [ -3.48115859,  46.8828972 ,  18.48890818, -37.00985492,\n",
      "        -13.31176761,  19.73177739,   1.88901901,  10.68799649,\n",
      "        -21.10300482, -16.20042988,   5.10258921,  32.69355131,\n",
      "        -18.87511062],\n",
      "       [-91.8455564 ,  18.48890818, 207.2558329 ,  44.08765781,\n",
      "        -23.58180847,  99.37322125,  -2.41743333,  14.30199067,\n",
      "        -22.18008547,  11.26202945, -62.20266913,  66.73600073,\n",
      "          3.23059818],\n",
      "       [-18.38289205, -37.00985492,  44.08765781, 158.61621474,\n",
      "         35.15568728, -33.03048122, -32.2843643 , -27.46616498,\n",
      "         16.83756013,  27.87480544, -61.97505538, -36.71171876,\n",
      "         34.04393698],\n",
      "       [ 10.23296864, -13.31176761, -23.58180847,  35.15568728,\n",
      "        108.21406432, -29.39850762, -40.3614754 ,  -1.98523865,\n",
      "         16.15727821,  28.19110958,  16.01262196, -32.22989735,\n",
      "        -11.08424548],\n",
      "       [-57.42890635,  19.73177739,  99.37322125, -33.03048122,\n",
      "        -29.39850762, 183.29767566,  35.60163738,   2.54502174,\n",
      "        -24.5066213 ,   4.27471331, -20.5383513 ,  72.91189026,\n",
      "        -17.58917926],\n",
      "       [  6.69331374,   1.88901901,  -2.41743333, -32.2843643 ,\n",
      "        -40.3614754 ,  35.60163738, 120.19949036,  42.21477002,\n",
      "        -29.29147999, -44.11204597,  -7.08110231,   6.30511258,\n",
      "          1.7907282 ],\n",
      "       [-11.78591975,  10.68799649,  14.30199067, -27.46616498,\n",
      "         -1.98523865,   2.54502174,  42.21477002, 125.83053492,\n",
      "          2.58957619, -31.63883892,   3.91906131,  25.52836351,\n",
      "        -23.58528871],\n",
      "       [ 16.06766221, -21.10300482, -22.18008547,  16.83756013,\n",
      "         16.15727821, -24.5066213 , -29.29147999,   2.58957619,\n",
      "         98.68820735,  38.93757204,   3.66182486, -16.77081738,\n",
      "         25.18645056],\n",
      "       [-12.43467459, -16.20042988,  11.26202945,  27.87480544,\n",
      "         28.19110958,   4.27471331, -44.11204597, -31.63883892,\n",
      "         38.93757204, 145.11346858,  38.11376566, -29.75867696,\n",
      "          1.45060954],\n",
      "       [ 31.32377518,   5.10258921, -62.20266913, -61.97505538,\n",
      "         16.01262196, -20.5383513 ,  -7.08110231,   3.91906131,\n",
      "          3.66182486,  38.11376566, 145.06544776,   7.29561594,\n",
      "        -40.84890085],\n",
      "       [-38.69210052,  32.69355131,  66.73600073, -36.71171876,\n",
      "        -32.22989735,  72.91189026,   6.30511258,  25.52836351,\n",
      "        -16.77081738, -29.75867696,   7.29561594, 143.68915258,\n",
      "          8.67530334],\n",
      "       [  3.74474145, -18.87511062,   3.23059818,  34.04393698,\n",
      "        -11.08424548, -17.58917926,   1.7907282 , -23.58528871,\n",
      "         25.18645056,   1.45060954, -40.84890085,   8.67530334,\n",
      "        111.66384633]]), 1), (array([ 6.73245238e+01, -1.15100475e-02,  6.09207474e+00,  1.37542992e+00,\n",
      "       -9.80973500e+00,  9.46744782e+00, -2.63832893e+01,  6.79405039e+00,\n",
      "       -2.93771493e+01,  2.79427577e+00, -1.78891866e+01, -1.03671974e+00,\n",
      "       -5.87788482e+00]), array([[ 65.82133112,  -6.94659453,   3.77676646, -46.281492  ,\n",
      "        -37.42485304, -15.04951974, -57.68512747, -18.08240035,\n",
      "         13.73573644,  27.57598986,   5.95207668,  -6.34999241,\n",
      "         20.36942887],\n",
      "       [ -6.94659453,  97.30745698, -14.56797249, -36.45581111,\n",
      "        -22.12049858, -22.23873553, -21.09977084,  20.4810618 ,\n",
      "          7.08306955, -18.39929877,   7.59974866, -10.00845274,\n",
      "         19.75794048],\n",
      "       [  3.77676646, -14.56797249, 107.48752934,  15.34096706,\n",
      "         -5.76093737,  -2.97694454, -39.96710842,  10.90113742,\n",
      "          5.43201105,   5.81544233, -13.84086139,  -1.58387742,\n",
      "         -3.46544402],\n",
      "       [-46.281492  , -36.45581111,  15.34096706, 128.36456565,\n",
      "         74.17898339,  26.00652814,  62.55388593,  -7.23497249,\n",
      "        -22.50159769, -15.49610391, -18.78269114,   7.97724953,\n",
      "        -20.1272155 ],\n",
      "       [-37.42485304, -22.12049858,  -5.76093737,  74.17898339,\n",
      "        138.38392579,  37.14221557,  22.44283311, -15.03152189,\n",
      "        -17.53405752,  -1.256805  , -22.14942243,  -6.09755089,\n",
      "        -13.83859214],\n",
      "       [-15.04951974, -22.23873553,  -2.97694454,  26.00652814,\n",
      "         37.14221557, 105.39208434,  63.16143111,   9.00293929,\n",
      "         -1.33834771, -13.54571507,   3.42372832,  -1.79386107,\n",
      "        -21.88791424],\n",
      "       [-57.68512747, -21.09977084, -39.96710842,  62.55388593,\n",
      "         22.44283311,  63.16143111, 273.23177655,  61.11208829,\n",
      "        -35.88080222, -54.60248653,  -9.67529035,  27.46461931,\n",
      "        -32.35840651],\n",
      "       [-18.08240035,  20.4810618 ,  10.90113742,  -7.23497249,\n",
      "        -15.03152189,   9.00293929,  61.11208829, 151.17777152,\n",
      "         -4.64793989, -36.52843042,   2.72505493,  -3.42539776,\n",
      "        -12.67351167],\n",
      "       [ 13.73573644,   7.08306955,   5.43201105, -22.50159769,\n",
      "        -17.53405752,  -1.33834771, -35.88080222,  -4.64793989,\n",
      "        103.80446686,  26.93415572,  -4.47304814,  -9.24705995,\n",
      "         -4.14598739],\n",
      "       [ 27.57598986, -18.39929877,   5.81544233, -15.49610391,\n",
      "         -1.256805  , -13.54571507, -54.60248653, -36.52843042,\n",
      "         26.93415572, 141.28788194,  27.69120618, -26.66697926,\n",
      "          4.06557313],\n",
      "       [  5.95207668,   7.59974866, -13.84086139, -18.78269114,\n",
      "        -22.14942243,   3.42372832,  -9.67529035,   2.72505493,\n",
      "         -4.47304814,  27.69120618, 126.32629949,  -7.63885465,\n",
      "        -12.59855017],\n",
      "       [ -6.34999241, -10.00845274,  -1.58387742,   7.97724953,\n",
      "         -6.09755089,  -1.79386107,  27.46461931,  -3.42539776,\n",
      "         -9.24705995, -26.66697926,  -7.63885465, 119.41585027,\n",
      "         12.11567619],\n",
      "       [ 20.36942887,  19.75794048,  -3.46544402, -20.1272155 ,\n",
      "        -13.83859214, -21.88791424, -32.35840651, -12.67351167,\n",
      "         -4.14598739,   4.06557313, -12.59855017,  12.11567619,\n",
      "        119.23084352]]), 1), (array([ 70.36951912,   4.39341394,   7.32357518,   3.27267122,\n",
      "       -10.79793706,   6.61060346, -26.78292273,  11.86426516,\n",
      "       -27.76123674,  -0.6586168 , -19.30363023,  -0.45800936,\n",
      "       -12.93104146]), array([[ 27.05292522, -17.15261162,  -1.61610844, -26.64576106,\n",
      "        -14.19623088,   5.29912405, -19.97104099,  18.73398324,\n",
      "        -20.24242567,   7.84179642,  18.50901015,  22.38527194,\n",
      "         -8.45294052],\n",
      "       [-17.15261162,  84.27547182, -35.52052608, -29.68295631,\n",
      "        -16.15374108, -16.79789375,  41.25858561,  -9.51704233,\n",
      "        -12.11288794, -24.52988728,  -8.9795399 , -23.08518789,\n",
      "         19.7037904 ],\n",
      "       [ -1.61610844, -35.52052608,  76.60497929,  43.19943866,\n",
      "         21.64575131,   1.85215177, -31.18702101,  21.71405423,\n",
      "          1.2453859 ,  34.18051976,   2.63166043,  14.36359176,\n",
      "          7.88457734],\n",
      "       [-26.64576106, -29.68295631,  43.19943866, 124.26663816,\n",
      "         61.01926498,  -5.63940168,  -9.8391708 ,  -9.6345619 ,\n",
      "         42.89977385,   9.94883435, -16.79850893,  -9.71078188,\n",
      "          3.14623676],\n",
      "       [-14.19623088, -16.15374108,  21.64575131,  61.01926498,\n",
      "        119.53980881,   1.89218797, -44.35307419,   8.55329316,\n",
      "         33.48593506,   2.79196791,  -2.20411373, -17.1365644 ,\n",
      "        -16.97046843],\n",
      "       [  5.29912405, -16.79789375,   1.85215177,  -5.63940168,\n",
      "          1.89218797, 102.33846079,  29.82076347, -17.10590722,\n",
      "          7.4479354 ,   7.09938119,  10.26371328,  -0.96907706,\n",
      "        -20.16237291],\n",
      "       [-19.97104099,  41.25858561, -31.18702101,  -9.8391708 ,\n",
      "        -44.35307419,  29.82076347, 212.03042865, -42.73658595,\n",
      "          4.28469778, -15.0586034 , -43.55040825, -25.08440374,\n",
      "         11.00745495],\n",
      "       [ 18.73398324,  -9.51704233,  21.71405423,  -9.6345619 ,\n",
      "          8.55329316, -17.10590722, -42.73658595, 135.66993955,\n",
      "        -28.27386934,   7.44688151,  26.7203549 ,  36.19881972,\n",
      "         -6.72231544],\n",
      "       [-20.24242567, -12.11288794,   1.2453859 ,  42.89977385,\n",
      "         33.48593506,   7.4479354 ,   4.28469778, -28.27386934,\n",
      "        148.70686791,  -1.61238211, -12.95671085, -34.43997384,\n",
      "         -7.67560991],\n",
      "       [  7.84179642, -24.52988728,  34.18051976,   9.94883435,\n",
      "          2.79196791,   7.09938119, -15.0586034 ,   7.44688151,\n",
      "         -1.61238211, 153.32332947,  28.7726214 ,  13.32914683,\n",
      "          8.04733384],\n",
      "       [ 18.50901015,  -8.9795399 ,   2.63166043, -16.79850893,\n",
      "         -2.20411373,  10.26371328, -43.55040825,  26.7203549 ,\n",
      "        -12.95671085,  28.7726214 , 113.41685331,  41.62252955,\n",
      "         -4.10994689],\n",
      "       [ 22.38527194, -23.08518789,  14.36359176,  -9.71078188,\n",
      "        -17.1365644 ,  -0.96907706, -25.08440374,  36.19881972,\n",
      "        -34.43997384,  13.32914683,  41.62252955, 125.33265264,\n",
      "          2.09833457],\n",
      "       [ -8.45294052,  19.7037904 ,   7.88457734,   3.14623676,\n",
      "        -16.97046843, -20.16237291,  11.00745495,  -6.72231544,\n",
      "         -7.67560991,   8.04733384,  -4.10994689,   2.09833457,\n",
      "         94.64453409]]), 1), (array([ 69.59728264,   3.25989233,   4.90771793,   3.03685664,\n",
      "        -9.57309379,   6.1808871 , -29.68448303,   3.58194786,\n",
      "       -28.81493273,  -2.55851799, -18.53660149,  -1.07924114,\n",
      "        -7.05120901]), array([[ 29.68072661, -19.13534423,   6.31835059, -28.24681599,\n",
      "        -18.17485035,  -2.49880747, -23.46475904,   2.9489968 ,\n",
      "          2.82584049,  17.49977714,   0.7442784 ,  -2.46820161,\n",
      "         -2.58613907],\n",
      "       [-19.13534423,  78.74529824, -34.69242287, -11.78410405,\n",
      "         -7.76605391, -26.61163181,  11.30000185,   4.06472091,\n",
      "         27.58695708,  -5.64749642,   6.20176987,   3.45492021,\n",
      "         36.98068126],\n",
      "       [  6.31835059, -34.69242287, 102.46725533,  23.69645954,\n",
      "        -20.71622098,   2.61613049, -39.16383187,  32.66469753,\n",
      "        -39.39410718, -13.15346427, -28.37308104, -15.68317341,\n",
      "        -25.28622151],\n",
      "       [-28.24681599, -11.78410405,  23.69645954, 107.48356341,\n",
      "         53.36351126,  15.07054555,   6.24105936,  -6.26816019,\n",
      "         -9.85025307, -25.93953138,  -9.21354062,  -2.46058407,\n",
      "        -13.82346398],\n",
      "       [-18.17485035,  -7.76605391, -20.71622098,  53.36351126,\n",
      "        136.38987665,  28.84647334, -11.10468896, -33.40241441,\n",
      "         15.50148402,  17.1170962 , -13.51193211,   4.46501993,\n",
      "          0.91861281],\n",
      "       [ -2.49880747, -26.61163181,   2.61613049,  15.07054555,\n",
      "         28.84647334, 107.64671407,  13.95713311,  -0.45401681,\n",
      "        -24.82491248,  -0.38730985,  19.53277353, -15.51796529,\n",
      "        -21.08759152],\n",
      "       [-23.46475904,  11.30000185, -39.16383187,   6.24105936,\n",
      "        -11.10468896,  13.95713311, 212.25164319,   7.15840226,\n",
      "        -22.99677918, -54.16126955,  22.21600982,  45.82742111,\n",
      "        -25.09917947],\n",
      "       [  2.9489968 ,   4.06472091,  32.66469753,  -6.26816019,\n",
      "        -33.40241441,  -0.45401681,   7.15840226, 144.0321326 ,\n",
      "        -11.05143862, -19.52821027, -12.54497884, -14.69232814,\n",
      "         -7.75502335],\n",
      "       [  2.82584049,  27.58695708, -39.39410718,  -9.85025307,\n",
      "         15.50148402, -24.82491248, -22.99677918, -11.05143862,\n",
      "        152.40528701,  37.71148779,  -4.20969798,  -5.06366741,\n",
      "          9.49983555],\n",
      "       [ 17.49977714,  -5.64749642, -13.15346427, -25.93953138,\n",
      "         17.1170962 ,  -0.38730985, -54.16126955, -19.52821027,\n",
      "         37.71148779, 144.75799782,   7.79376294, -23.59023482,\n",
      "         -8.3975639 ],\n",
      "       [  0.7442784 ,   6.20176987, -28.37308104,  -9.21354062,\n",
      "        -13.51193211,  19.53277353,  22.21600982, -12.54497884,\n",
      "         -4.20969798,   7.79376294, 112.37752302,  -3.71480733,\n",
      "        -11.36589284],\n",
      "       [ -2.46820161,   3.45492021, -15.68317341,  -2.46058407,\n",
      "          4.46501993, -15.51796529,  45.82742111, -14.69232814,\n",
      "         -5.06366741, -23.59023482,  -3.71480733, 114.55255753,\n",
      "         25.07733747],\n",
      "       [ -2.58613907,  36.98068126, -25.28622151, -13.82346398,\n",
      "          0.91861281, -21.08759152, -25.09917947,  -7.75502335,\n",
      "          9.49983555,  -8.3975639 , -11.36589284,  25.07733747,\n",
      "        138.86409223]]), 1), (array([ 67.43216407,   2.48187965,  12.15415558,   4.43923363,\n",
